[1, 1, 1, 1, 1, 1, 1, 1, 1, 1, 1, 1, 1, 1, 1, 1, 1, 1, 1, 1, 1, 1, 1, 1, 1, 1, 1, 1, 1, 1, 1, 1, 1, 1, 1, 1, 1, 1, 1, 1, 1, 1, 1, 1, 1, 1, 1, 1, 1, 1, 1, 1, 1, 1, 1, 1, 1, 1, 1, 1, 1, 1, 1, 1, 1, 1, 1, 1, 1, 1, 1, 1, 1, 1, 1, 1, 1, 1, 1, 1, 1, 1, 1, 1, 1, 1, 1, 1, 1, 1, 1, 1, 1, 1, 1, 1, 1, 1, 1, 1, 1, 1, 1, 1, 1, 1, 1, 1, 1, 1, 1, 1, 1, 1, 1, 1, 3, 3, 3, 3, 3, 3, 3, 3, 3, 3, 3, 3, 3, 3, 3, 3, 3, 3, 3, 3, 3, 3, 3, 3, 3, 3, 3, 3, 3, 3, 3, 3, 3, 3, 3, 3, 3, 3, 3, 3, 3, 3, 3, 3, 3, 3, 3, 3, 3, 3, 3, 4, 4, 4, 4, 4, 4, 4, 4, 4, 4, 4, 4, 4, 4, 4, 4, 4, 4, 4, 4, 4, 4, 4, 4, 4, 4, 4, 4, 4, 4, 4, 4, 4, 4, 4, 4, 4, 4, 4, 4, 4, 4, 4, 4, 4, 4, 4, 5, 5, 5, 5, 5, 5, 5, 5, 5, 5, 5, 5, 5, 5, 5, 5, 5, 5, 6, 6, 6, 6, 6]
[2, 2, 2, 2, 2, 2, 2, 2, 2, 2, 2, 2, 2, 2, 2, 2, 2, 2, 2, 2, 2, 2, 2, 2, 2, 2, 2, 2, 2, 2, 2, 2, 2, 2, 2, 2, 2, 2, 2, 2, 2, 2, 2, 2, 2, 2, 2, 2, 2, 2, 2, 2, 2, 2, 2, 2, 2, 2, 2, 2, 2, 2, 2, 2, 3, 3, 3, 3, 3, 3, 3, 3, 3, 3, 3, 3, 3, 3, 3, 3, 3, 3, 3, 3, 3, 3, 4, 4, 4, 4, 4, 4, 4, 4, 4, 4, 4, 4, 4, 4, 4, 4, 4, 4, 4, 4, 5, 5, 5, 5, 5, 5, 5, 5, 5, 5, 5, 5, 5, 5, 6, 6, 6, 6, 6, 6, 6, 6, 6, 6, 6, 6, 6]
[3, 3, 3, 3, 3, 3, 3, 3, 3, 3, 4, 4, 4, 4, 4, 4, 4, 4, 4, 4, 4, 4, 4, 4, 4, 4, 4, 4, 4, 4, 4, 4, 4, 4, 4, 4, 4, 4, 4, 4, 4, 4, 4, 4, 4, 4, 4, 4, 4, 4, 4, 4, 4, 4, 4, 4, 4, 4, 4, 4, 4, 4, 4, 4, 4, 4, 4, 4, 4, 4, 4, 4, 4, 4, 4, 4, 4, 4, 4, 5, 5, 5, 5, 5, 5, 5, 5, 5, 5, 5, 6, 6, 6, 6, 6, 6, 6, 6, 6]
[4, 4, 5, 5, 5, 5, 5, 5, 5, 5, 5, 5, 5, 5, 5, 5, 5, 5, 5, 5, 5, 5, 5, 5, 5, 5, 5, 5, 5, 5, 5, 5, 5, 5, 5, 5, 5, 5, 5, 5, 5, 5, 5, 5, 5, 5, 5, 5, 5, 5, 5, 5, 5, 5, 6, 6, 6, 6, 6, 6, 6, 6, 6, 6, 6]
[5, 5, 6, 6]

[1, 1, 1, 1, 1, 1, 1, 1, 1, 1, 1, 1, 1, 1, 1, 1, 1, 1, 1, 1, 1, 1, 1, 1, 1, 1, 1, 1, 1, 1, 1, 1, 1, 1, 1, 1, 1, 1, 1, 1, 1, 1, 1, 1, 1, 1, 1, 1, 1, 1, 1, 1, 1, 1, 1, 1, 1, 1, 1, 1, 1, 1, 1, 1, 1, 1, 1, 1, 1, 1, 1, 1, 1, 1, 1, 1, 1, 1, 1, 1, 1, 1, 1, 1, 1, 1, 1, 1, 1, 1, 1, 1, 1, 1, 1, 1, 1, 1, 1, 1, 1, 1, 1, 1, 1, 1, 1, 1, 1, 1, 1, 1, 2, 2, 2, 2, 2, 2, 2, 2, 2, 2, 2, 2, 2, 2, 2, 2, 2, 2, 2, 2, 2, 2, 2, 2, 2, 2, 2, 2, 2, 2, 2, 2, 2, 2, 2, 2, 2, 2, 2, 2, 2, 2, 2, 2, 2, 2, 2, 2, 2, 4, 4, 4, 4, 4, 4, 4, 4, 4, 4, 4, 4, 4, 4, 4, 4, 4, 4, 4, 4, 4, 4, 4, 4, 4, 4, 4, 4, 4, 4, 4, 4, 4, 4, 4, 4, 4, 4, 4, 4, 4, 4, 4, 4, 4, 4, 4, 4, 4, 4, 4, 4, 4, 4, 4, 4, 4, 4, 4, 4, 4, 4, 4, 4, 4, 4, 4, 4, 4, 4, 4, 4, 5, 5, 5, 5]
[2, 2, 2, 2, 2, 2, 2, 2, 2, 2, 2, 2, 2, 2, 2, 2, 2, 2, 2, 2, 2, 2, 2, 2, 2, 2, 2, 2, 2, 2, 2, 2, 2, 2, 2, 2, 2, 2, 2, 2, 2, 2, 2, 2, 2, 2, 2, 2, 2, 2, 2, 2, 2, 2, 2, 2, 2, 2, 2, 2, 2, 2, 2, 2, 2, 2, 2, 2, 2, 2, 2, 2, 2, 2, 2, 2, 2, 2, 2, 2, 2, 2, 2, 2, 2, 2, 2, 2, 2, 2, 2, 2, 2, 3, 3, 3, 3, 3, 3, 3, 4, 4, 4, 4, 4, 4, 4, 5, 5, 5, 5, 5, 5, 5, 5, 5, 5, 5, 5, 5, 5, 5, 5, 5, 5, 5, 5, 5, 5, 5, 5, 5, 5]
[3, 3, 3, 3, 3, 3, 3, 3, 3, 3, 3, 3, 3, 3, 3, 3, 3, 3, 3, 3, 3, 3, 3, 3, 3, 3, 3, 3, 3, 3, 3, 3, 3, 3, 3, 3, 3, 3, 3, 3, 3, 3, 3, 3, 3, 3, 3, 3, 3, 3, 3, 3, 3, 3, 3, 3, 3, 3, 3, 3, 3, 3, 3, 3, 3, 3, 3, 3, 3, 3, 3, 4, 4, 4, 4, 4, 4, 4, 4, 5, 5, 5, 5, 5, 5, 5, 5, 5, 5, 5, 5, 5, 5, 5, 5, 5, 5, 5, 5]
[4, 4, 4, 4, 4, 4, 4, 4, 4, 4, 4, 4, 4, 4, 4, 4, 4, 5, 5, 5, 5, 5, 5, 5, 5, 5, 5, 5, 5, 5, 5, 5, 5, 5, 5, 5, 5, 5, 5, 5, 5, 5, 5, 5, 5, 5, 5, 5, 5, 5, 5, 5, 5, 5, 5, 5, 5, 5, 5, 5, 5, 5, 5, 5, 5]
[5, 5, 5, 5]

[(5, 6), (5, 6), (5, 6), (5, 6), (5, 5), (5, 5), (5, 5), (5, 5), (5, 5), (5, 5), (5, 5), (5, 5), (5, 5), (5, 5), (5, 5), (5, 5), (5, 5), (5, 4), (5, 4), (5, 4), (5, 4), (5, 4), (5, 4), (5, 4), (5, 4), (5, 4), (5, 4), (5, 4), (5, 4), (5, 4), (5, 4), (5, 3), (5, 3), (5, 3), (5, 3), (5, 3), (5, 3), (5, 3), (5, 3), (5, 3), (5, 3), (5, 3), (5, 3), (5, 3), (5, 3), (5, 3), (5, 3), (5, 3), (5, 3), (5, 3), (5, 1), (5, 1), (5, 1), (5, 1), (5, 1), (5, 1), (5, 1), (5, 1), (5, 1), (5, 1), (5, 1), (5, 1), (5, 1), (5, 1), (5, 1), (5, 1), (5, 1), (5, 1), (5, 1), (5, 1), (5, 1), (5, 1), (5, 1), (5, 1), (5, 1), (5, 1), (5, 1), (5, 1), (5, 1), (5, 1), (5, 1), (5, 1), (5, 1), (5, 1), (5, 1), (5, 1), (5, 1), (5, 1), (5, 1), (5, 1), (5, 1), (5, 1), (5, 1), (5, 1), (5, 1), (5, 1), (5, 1), (5, 1), (5, 1), (5, 1), (5, 1), (5, 1), (4, 6), (4, 6), (4, 6), (4, 6), (4, 6), (4, 6), (4, 6), (4, 6), (4, 6), (4, 6), (4, 6), (4, 6), (4, 6), (4, 6), (4, 5), (4, 5), (4, 5), (4, 5), (4, 5), (4, 5), (4, 5), (4, 5), (4, 5), (4, 5), (4, 5), (4, 5), (4, 5), (4, 5), (4, 5), (4, 5), (4, 5), (4, 5), (4, 5), (4, 4), (4, 4), (4, 4), (4, 4), (4, 4), (4, 4), (4, 4), (4, 4), (4, 4), (4, 4), (4, 4), (4, 4), (4, 4), (4, 4), (4, 4), (4, 4), (4, 4), (4, 4), (4, 4), (4, 4), (4, 4), (4, 4), (4, 4), (4, 4), (4, 4), (4, 4), (4, 4), (4, 4), (4, 4), (4, 4), (4, 4), (4, 4), (4, 4), (4, 4), (4, 4), (4, 4), (4, 4), (4, 4), (4, 4), (4, 4), (4, 4), (4, 4), (4, 4), (4, 4), (4, 4), (4, 4), (4, 4), (4, 4), (4, 4), (4, 4), (4, 4), (4, 4), (4, 3), (4, 3), (4, 3), (4, 3), (4, 2), (4, 2), (4, 1), (4, 1), (4, 1), (4, 1), (4, 1), (4, 1), (4, 1), (4, 1), (4, 1), (4, 1), (4, 1), (4, 1), (4, 1), (3, 5), (3, 5), (3, 5), (3, 5), (3, 5), (3, 5), (3, 5), (3, 4), (3, 4), (3, 3), (3, 3), (3, 3), (3, 3), (3, 3), (3, 3), (3, 3), (3, 3), (3, 3), (3, 3), (3, 3), (3, 3), (3, 3), (3, 3), (3, 3), (3, 3), (3, 3), (3, 3), (3, 3), (3, 3), (3, 3), (3, 3), (3, 3), (3, 3), (3, 3), (3, 3), (3, 3), (3, 3), (3, 3), (3, 3), (3, 3), (3, 3), (3, 3), (3, 3), (3, 3), (3, 3), (3, 3), (3, 3), (3, 3), (3, 3), (3, 3), (3, 3), (3, 3), (3, 3), (3, 3), (3, 3), (3, 3), (3, 3), (3, 3), (3, 3), (3, 3), (3, 3), (3, 2), (3, 2), (3, 2), (3, 1), (3, 1), (3, 1), (3, 1), (3, 1), (3, 1), (3, 1), (3, 1), (3, 1), (3, 1), (3, 1), (3, 1), (3, 1), (3, 1), (2, 6), (2, 6), (2, 6), (2, 6), (2, 6), (2, 6), (2, 6), (2, 6), (2, 6), (2, 6), (2, 6), (2, 6), (2, 6), (2, 6), (2, 5), (2, 5), (2, 5), (2, 5), (2, 5), (2, 5), (2, 4), (2, 4), (2, 4), (2, 4), (2, 4), (2, 4), (2, 4), (2, 4), (2, 4), (2, 4), (2, 4), (2, 4), (2, 4), (2, 4), (2, 4), (2, 4), (2, 4), (2, 4), (2, 4), (2, 4), (2, 4), (2, 4), (2, 4), (2, 4), (2, 4), (2, 4), (2, 4), (2, 4), (2, 4), (2, 4), (2, 4), (2, 4), (2, 4), (2, 4), (2, 4), (2, 4), (2, 4), (2, 4), (2, 4), (2, 4), (2, 4), (2, 4), (2, 4), (2, 4), (2, 4), (2, 4), (2, 4), (2, 4), (2, 4), (2, 4), (2, 4), (2, 4), (2, 2), (2, 2), (2, 2), (2, 2), (2, 2), (2, 2), (2, 2), (2, 2), (2, 2), (2, 2), (2, 2), (2, 2), (2, 2), (2, 2), (2, 2), (2, 2), (2, 2), (2, 2), (2, 2), (2, 2), (2, 2), (2, 2), (2, 2), (2, 2), (2, 2), (2, 2), (2, 2), (2, 2), (2, 2), (2, 2), (2, 2), (2, 2), (2, 2), (2, 2), (2, 2), (2, 2), (2, 2), (2, 2), (2, 2), (2, 2), (2, 2), (2, 2), (2, 2), (2, 2), (2, 2), (2, 2), (2, 2), (2, 2), (2, 2), (2, 2), (2, 2), (2, 2), (2, 1), (2, 1), (2, 1), (2, 1), (2, 1), (2, 1), (2, 1), (2, 1), (2, 1), (2, 1), (2, 1), (2, 1), (2, 1), (2, 1), (2, 1), (2, 1), (2, 1), (2, 1), (1, 6), (1, 6), (1, 6), (1, 6), (1, 6), (1, 6), (1, 6), (1, 6), (1, 5), (1, 5), (1, 5), (1, 5), (1, 5), (1, 5), (1, 5), (1, 5), (1, 5), (1, 5), (1, 5), (1, 5), (1, 5), (1, 5), (1, 5), (1, 5), (1, 5), (1, 5), (1, 5), (1, 5), (1, 5), (1, 5), (1, 5), (1, 5), (1, 5), (1, 5), (1, 5), (1, 5), (1, 5), (1, 5), (1, 5), (1, 5), (1, 5), (1, 5), (1, 5), (1, 5), (1, 5), (1, 5), (1, 5), (1, 5), (1, 5), (1, 5), (1, 5), (1, 5), (1, 5), (1, 5), (1, 5), (1, 5), (1, 5), (1, 5), (1, 5), (1, 5), (1, 4), (1, 4), (1, 4), (1, 4), (1, 4), (1, 4), (1, 4), (1, 4), (1, 4), (1, 4), (1, 4), (1, 4), (1, 4), (1, 4), (1, 4), (1, 4), (1, 4), (1, 4), (1, 3), (1, 3), (1, 3), (1, 3), (1, 3), (1, 3), (1, 3), (1, 3), (1, 2), (1, 2), (1, 2), (1, 2), (1, 2), (1, 2), (1, 2), (1, 1), (1, 1), (1, 1), (1, 1), (1, 1), (1, 1), (1, 1), (1, 1), (1, 1), (1, 1), (1, 1), (1, 1), (1, 1), (1, 1), (1, 1), (1, 1), (1, 1), (1, 1), (1, 1)]

[19, 7, 8, 18, 52, 8]
[18, 52, 0, 52, 6, 14]
[14, 3, 52, 2, 7, 0]
[13, 2, 4, 52, 19, 14]
[52, 0, 19, 14, 13, 4]

this is a good chance to atone